2790963
1078830
1000999
2608728
33973
2951993
1078860
658061
2136116
2136117
388463
940557
1742983
2951992
2952002
1775468
1078829
1768185
392733
911113
1649475
3004223
332162
2136118
2817524
2976915
3004227
1562564
1281902
1748767
1748764
2048907
2048911
1562565
458032
2885992
442869
2915177
44675
35838
1172428
3004231
2885991
1434048
3004331
2004797
1847386
2713
246263
939
168657
75905
412592
182899
212790
407997
133269
223787
64159
1079057
171868
2847777
1454725
1170227
2900570
1930592
1462351
1432324
2508983
2767079
2250122
1446465
1454777
1551504
2953757
1763546
1448928
2703814
2767204
2419833
1803399
2905967
2831665
2171988
2171991
2171995
2093823
2959522
2959523
2789662
1331051
2750082
2315418
2802646
1432330
1432326
2715734
1432328
1732520
2767186
1167878
2840509
2840510
2840511
1940406
439486
2840512
2840513
2840514
1940407
2840508
330923
29454
53023
133920
344734
98508
1654035
42688
48381
693074
2498709
187144
1930613
2698819
2954147
118004
1007342
393029
2716431
545865
53572
2036786
2930105
2351
117999
46200
2945018
1649493
248038
13
2840538
423604
1408194
1397107
455358
1397106
649462
2939604
1974209
2489367
2812952
1914110
174924
1702214
362860
2923290
335967
2893090
146918
29548
200683
558418
2840530
2840531
2840532
816
2918734
1926659
2918733
909656
558421
2840521
907288
2840522
511434
2840523
2840524
2840525
2840526
2840527
2840528
2811435
2840529
467084
1903336
397864
1348911
156973
1784836
307628
294702
2919400
2510710
2518495
2814934
2840533
1918540
2518497
2880697
2815786
2005517
1840214
574697
1926651
283168
346096
411918
1649291
1923867
1911312
1924067
1159323
2034765
1548510
836
1635148
1283313
52228
2974257
1926655
1981037
1980689
2974369
577309
838
2840534
1926672
2884814
1647173
239759
1634949
2884610
1980038
1611681
28138
2840535
2840536
340117
1929083
1970191
375288
195950
2866216
2760873
2038697
1970195
2060722
866673
286729
1193324
177399
2762384
1628153
1236988
1849718
1434020
59738
1434024
1618113
1434049
2792393
1471399
1573808
2678352
1573806
200677
314318
2705385
1827484
1254401
1649501
2821507
1769012
1885056
1612198
2125991
79328
1648511
2048112
1486724
2680022
1795363
2039714
2601681
1004303
649460
1789690
1004301
2307285
398041
1210116
2819870
2806031
2590666
2930254
1890298
1649456
1774131
1004300
2675671
649461
2888753
2967331
2678301
2054311
379899
354354
1940259
1874621
2678539
1649476
2698688
1747780
1004302
2836216
2903120
1860196
2812019
1884792
2045098
2049912
504481
460073
1434702
296051
1649506
1649511
281119
273135
1937972
1937995
1937999
1522128
1001222
1077254
1133570
1265689
246875
280472
2709266
232244
1187078
3020066
68288
390846
881894
647744
1237104
2802300
1774589
1245590
1769735
1237108
1511649
1822461
1187887
2886876
2884806
2918887
1336690
1494913
2676247
2679998
102926
1659686
2963348
2682476
978
2963349
2665694
1747773
455076
336827
451373
2919363
700450
107
1011
2674996
1434017
1951300
1435426
59739
70992
1649461
518746
3024570
442432
413963
379074
992
1433993
396811
1210119
2986344
2986345
2770110
299566
2710873
89966
1649474
1968882
323449
1379908
2918841
1968878
2858886
869806
1937963
1023
1522130
1097443
1434007
59740
2071614
447678
643701
156993
290180
217140
2173039
1914260
120831
312278
861914
861913
2950415
101
1383890
1649458
2031119
1649462
332157
319458
2975149
1649473
442431
1664383
2051037
105
1763563
1949218
2950425
1938003
28194
34098
1010679
200473
246873
332102
559293
3024544
2772525
1233041
2849660
1115103
2819281
2953857
246876
2675692
2967089
449462
2893197
153265
1386924
2109352
1820275
2913017
261827
1704274
1535231
2907134
2715289
2058174
442727
2034843
1502303
290174
1738639
178469
1476424
2665494
499061
1853701
1742980
2715929
1737068
2706948
1433989
414367
1704230
1176327
1433990
2774168
283785
216387
2953860
493405
2953859
2953858
2304046
1016
104264
2049301
2292739
1534975
414363
414360
2740719
78328
1763531
499063
1511643
343334
216431
414365
574891
2039220
2027867
326319
446680
1287916
1903848
444459
1644102
2812839
1606872
369400
1209327
237
263574
225842
1655196
426598
311207
379068
1400057
2041439
49279
1649451
244698
379070
292691
109244
2907512
2972975
1707752
1541817
1649460
1080193
1775694
475597
1165076
1499144
762551
453850
221065
574892
291183
283735
472054
1569266
488548
2893085
358023
449810
1211036
252356
527198
1862153
933116
1914030
1403697
387658
1197472
444051
2917833
232115
111500
762641
76831
1664348
1749071
363408
2045416
414369
1916646
336276
379732
2735474
2797878
2822394
2850403
2918790
237372
1810932
52959
2918913
2918917
1434033
2950401
1434034
2861660
1524959
2048117
633413
83612
49277
2831916
1649485
2987594
1649489
252306
1573059
143222
561367
2029851
379072
389486
426594
1649495
1204360
1434045
1235438
2834260
1819672
1884867
1775471
499058
291181
291178
399942
1649498
1867031
393005
104267
237444
2665910
2700084
1935184
1518147
286104
2834400
475599
1868329
288018
561554
561555
112040
417127
336809
2840537
2926991
1940138
1755829
1649465
2975260
444513
2828338
267986
1577779
1333716
2681566
2058169
1762932
1778601
59735
1572663
59732
2782229
2907937
2782231
944321
501783
1433995
308865
59734
2766734
2885966
1572763
28250
34084
1313213
343873
1013
2349
1564515
1227556
2762562
70994
2993541
365032
526862
2981994
2981992
513570
2981997
2981995
2981996
2023705
1147735
1007
1740706
2762352
1773450
1288026
2762385
518700
423349
565005
376469
416949
2703944
84567
1903173
1649482
407021
929509
28453
1868323
565376
256319
1091
1099
1103
1101
100715
795750
1134403
907202
1434037
1853226
1855405
1829937
2039627
2893044
689697
1870822
456826
2593013
2152900
2044589
1462415
1855363
1855364
1855365
1855362
1432311
1860139
1505231
832
2815788
1812918
173479
1706036
2093335
1804994
180162
2840643
848
1940855
167639
2332
623282
1792239
32067
1824856
2755140
2919092
32068
168808
34104
93171
2806693
2814657
2806694
35800
2758103
1938393
40118
2914032
995729
2093225
179
1234
2910917
2811506
28261
2840644
283918
1678397
2066470
404998
1220535
2175151
2175152
767891
395928
1495041
131
2052989
76890
41275
75
267929
20
2921733
2768684
1602338
2813803
2813804
2943291
2100210
1509243
2100211
263960
679161
1777753
84646
1521255
1920992
2601574
2716179
1234608
2900571
2654634
2601651
679162
44747
204451
2650923
643217
152180
1434035
1502180
1904377
580880
204472
2172022
2981530
2610842
182269
414371
2036017
217510
1775688
2269381
293088
773
532
184923
120652
1143004
1277353
1156568
1654719
168658
59282
85413
1406135
234
528
457476
1649292
999488
354349
1017183
28209
655352
1911566
1121251
46913
623276
1738648
1573407
1082930
1827478
204473
45402
2827482
204474
119044
81
2769459
1484898
1485594
61655
47494
320785
1068
29407
1123949
204477
2821490
376743
573657
1902578
212791
2714869
50055
169055
1734920
237321
41206
2874214
2903056
1145345
166953
81894
2714751
2723776
2029879
2026349
407
2282523
186650
1649484
160700
2041902
444599
133
61653
425
2344
1033
109
374
911
29451
1073
1395974
2946529
1649510
2024982
444432
1541445
2838250
256616
1742974
987053
1742977
1632780
610116
31988
69278
2911176
449972
1840210
274591
1649463
68287
245876
2679892
2974813
1594166
2879611
1759400
28100
93368
1915405
1915401
2712688
1123951
1931196
1763452
2282761
1926253
3020858
1572860
1775716
2027874
1920508
261933
2814902
433838
445219
2717339
344458
1648508
2822655
2040486
2661800
34019
13159
2853332
357
78526
1525371
1612611
1903858
379
2925678
323620
106591
28105
34016
1121829
1848396
1434015
643951
85274
1321364
1643958
690086
2919362
2822332
2821838
478070
500577
227873
258255
150830
152161
2029868
1358438
2185300
747074
99
6
204476
556257
152053
279
2041195
2892997
335966
453849
2723
85
1123044
2919601
2066486
343331
1434000
288021
1549129
2614439
162171
1472292
2800082
1712422
1433402
2004661
74317
1649466
153232
2963293
240236
1246884
1649331
574559
1167830
437506
1921569
1241326
2493629
3016348
1519373
1795639
2038635
2174441
208215
314257
198251
2813206
2045213
2813205
356797
2676790
2109360
2054427
1485945
1608457
1364858
2821517
205889
663242
1537716
2927766
1658781
2603325
1697958
2680019
2823221
2823226
2840314
56999
1617805
2997344
456240
2824145
2055850
1774278
2824180
2824249
1648492
2824551
1648497
1855413
2494551
2699245
1653176
2603319
2562648
2901886
2211635
2211636
2939497
1604279
2804673
1097466
2780027
1434002
2820419
2211637
2661844
1775705
2893205
2818469
204456
2937410
366614
2681880
1579315
1822382
1844498
2841039
2590586
1511750
1970231
2201379
2888275
1941108
2036011
2211638
1523153
1890287
2813798
1817584
2201383
1914026
1931200
50056
2820509
1759396
2846747
2917831
72021
2029873
87171
2946607
2137249
1775424
2707025
2662142
1233054
2047745
1123955
2815007
2846749
2894757
2662287
1470577
265
2027863
1097465
2738399
2683599
2338561
2795377
2918791
2873978
665869
2831955
1284657
1195766
1663682
991903
2944826
1844015
2778525
2211639
1649481
2663134
1759417
2109369
1763886
1679449
1686374
1649483
1541822
2502952
2846763
2613960
238783
1813601
343404
1748244
2939641
2919093
2035345
2831925
1608404
2816884
2911684
119541
1060
1640884
2680018
2047740
34008
1400060
1972536
1209946
121820
2888791
704105
2028104
89523
1930618
2952781
1541818
1955420
1751296
2661806
2915904
1443919
56056
633130
2679899
2886871
285107
2083206
2813041
2250589
2211641
1649513
2812012
1433986
2854181
74032
875170
282682
608658
309512
393277
1649279
2854182
2854184
1434008
2917553
1400058
188905
92944
191028
1434014
947567
245186
490828
1434019
387095
367771
404235
659428
2917552
2855473
2855468
481445
282198
252301
1207070
53945
1042323
315422
360528
765413
1434029
302485
1400059
983507
1158296
1068904
1258570
311411
2854186
159345
336277
289239
93682
2433
74030
295418
97050
58842
2855478
1398404
263377
659427
481178
573139
3003476
60136
299261
266808
335927
436357
2930249
1400062
599653
599652
653686
2919626
434
2603324
368783
522
512381
50714
50709
34000
442968
91914
365532
1654741
2041181
1079922
77583
1820341
1940143
1649268
2811380
2870713
2952773
89583
441
364409
1223303
1434011
153497
197884
2781897
2804525
320496
1223423
2870716
1519186
2919364
2791118
217063
77674
1602345
2870717
1070
268408
504465
2730923
35812
125216
182402
2901382
231052
1706033
2044848
209260
1649499
444052
2865859
191
1400063
2865860
2478349
1543705
1543704
2678887
34023
204447
457933
2066435
356787
2066472
2066459
356778
489140
171436
1647175
2856846
454159
2811387
2821512
1914229
414051
1263978
1068873
100867
111830
2752546
1146845
1091044
1231242
2661936
1804663
2605940
2705399
171673
660628
1500420
13134
1903158
651700
2039718
660514
2748926
2888759
1612157
85265
1220599
69959
2840645
1081
86671
83400
1755817
1649502
382513
1076933
93
196080
390876
659693
526215
1182780
1313115
168934
1866954
204446
85273
203861
768
1718587
2883098
467749
2816137
1647409
1442082
943
33993
953
2603321
796081
2491977
2716172
796082
1286310
2716171
1802983
2563090
1891672
1175554
411566
395090
1742636
2115980
2807312
2807313
672771
1522200
1862314
2601645
2996317
1522201
1930933
69474
780
1699066
1274401
1885584
204450
221239
204452
204453
1314700
510690
2852059
2830882
2800678
361177
2800679
2788933
2800680
2800681
2676755
1295327
1041
1111
35810
2800683
2800682
2800684
2800685
2792075
2792293
1855416
2800686
2823232
2676781
150203
2676858
2886831
1844917
72173
1763827
1445609
179836
165696
2709686
1654718
1234545
2709685
1649486
1649487
165695
1227948
13687
165697
1434046
2676233
1124625
2685927
2860235
1960290
2976419
1508451
56358
2883109
362865
1738651
335405
2820281
541
119977
119979
327159
2819026
33055
1301080
1381133
2954364
189384
1191175
2706000
1433992
59507
265670
448157
388394
222
290425
507
1920247
1472344
517
124224
1986268
1074468
359336
2678534
203697
1477505
2978001
257820
2987606
90243
1921582
1100891
2017546
1148163
1403714
2109346
106146
152267
2987599
305976
1962946
2978002
29574
1835332
2978000
32008
1827195
2708067
224135
1415196
2018044
2865160
2870408
240411
106589
2680021
1911581
1910924
47670
131079
2571159
1810868
93217
1822464
2718863
157932
44013
2041017
48736
2038280
2571160
2880942
92793
2884326
1176416
2929841
1597779
88
318147
2066914
2682247
212743
1146865
2709671
360239
114248
279809
32012
54066
12916
2703874
201096
28219
763439
1436289
283
1758230
281915
80865
238749
84678
1434001
2919469
352449
47420
232523
683756
198705
665874
183669
263066
1649468
2038733
219181
335058
52972
433923
747294
2678886
174951
28065
2490452
352450
1940136
2919468
34072
364316
151754
1051898
884214
202907
1229970
963
303379
29580
2705466
75654
149698
1522432
1344552
223927
846
1649477
212744
2661779
2249306
34069
401469
391952
312063
196013
36862
644355
316612
65047
1114981
93681
28067
215579
34102
1987748
1980697
2494213
577310
40544
2840646
1918598
370406
416212
397275
187
407217
230666
551208
585890
535
32014
400947
83764
397456
885864
168470
650341
57479
400060
568394
300264
57739
194195
1433987
1341650
2593687
334108
1055692
334107
2870907
1654931
538
32257
212742
482
2898489
206375
1649488
71
1193515
422440
299568
59
2944815
453161
2249462
1443590
96
2943286
314343
1679002
404
16
2872156
359407
81682
2137425
2676063
914
35798
1232
967
2899262
311181
690621
378210
157591
1499082
1054211
935200
1778653
2772198
1738658
2008781
2807738
1938335
919
2803845
167946
146936
73029
88875
138117
2808942
551759
146937
146935
857334
1472673
139331
1769726
1911577
1795372
83766
1064
1914449
2687235
12960
2891325
2891294
2891322
2891323
2891324
33057
392735
349
2974937
1779136
2766927
2653226
2946507
2597221
2597222
2844888
2844889
2844890
318476
1705729
2841679
1902583
1125862
264311
118011
1433998
1769732
1840207
453229
1535192
1775574
496430
1141976
418098
1141978
1246635
218207
396320
1549126
497742
1303912
2289
28222
48001
89342
2904316
896
1649264
109166
497721
45654
2904687
153027
2299
53328
115780
2841686
2841680
2295
2841678
2841685
1859129
1859128
893
2916674
2904609
3003266
2894767
1654934
427922
53318
51194
429014
40413
2886823
109168
109169
1417297
377149
2904716
45662
1206750
488937
53244
339721
224474
898
1634037
2905949
66848
206664
2956790
35832
2802295
1433996
2582840
700595
2582836
2773294
872
2840647
2905136
1912771
2910983
41707
1981028
2794998
2910978
2905722
2909705
2910986
2910985
2035811
2952263
2950010
2910984
33001
84404
890
37817
57039
18
2883512
392332
28231
2860291
2651583
271087
2910589
2855184
2913513
115782
213223
2812025
161492
47
42
224455
44
40
1945896
1470623
2886573
83461
2840648
32
224458
2303406
1524214
215802
107830
2983700
162027
224465
53
191767
1324129
1524217
651810
888829
224459
50
224461
1882917
55
1954229
39643
1055688
1649470
182623
60892
2357
43773
1930573
35836
326429
2976171
361106
39840
1148150
149711
29526
2905940
88358
513557
2321111
28196
2321204
2321115
2321114
2321187
2321113
194
361015
1227554
2353
209
843
223785
57665
269260
265570
286130
202746
936
269252
191301
267989
191291
269258
2795692
986106
1744881
1692042
642
2802288
129577
225143
1929090
43947
347533
13334
866
674963
83768
83770
2840649
2025712
249523
1494561
261825
2798470
2676252
882379
1406885
111142
1858563
226
288793
366580
1172191
1234605
89404
2108524
2650549
1751872
2851088
2662254
2125985
2751156
1621534
2905123
2200736
1940527
2894574
2661818
1914248
1434025
2848171
28228
1407056
2848177
137583
1518149
44011
375673
1249554
135575
2800384
58050
543732
296014
2834759
53246
907197
2044860
1775176
67572
2547964
1573826
22
904708
1617892
3023552
2975286
2975287
2978114
2717
869
1955421
13275
112008
582472
2856855
1635133
2038244
2036021
62100
10
1050833
2752545
940550
1122283
1792291
1930860
359337
1458243
1122284
316625
2950393
447467
2425
745153
2847769
1132027
393661
475794
1217416
2678529
1341118
1763473
1857932
1341120
2875235
2893100
2919372
48073
1123967
503005
2689588
1084558
1434044
630749
1434050
2877849
1273155
2780488
437504
1860077
109262
552511
307586
1765964
133193
85924
406099
2368
2597258
233099
1051
1929135
1739105
85108
1759371
414045
2024969
35796
1558474
1335745
1511694
106633
1617886
397268
476278
154346
85072
336830
2828366
2796146
1980513
1813600
2993513
1907535
1047
85074
2018671
85077
1064513
53452
85076
1227
2071980
1830330
1330022
48728
67575
85073
156972
127457
1056
85078
13724
53392
156885
85079
82559
212110
453580
57488
61593
212111
2035712
469655
2004668
2034504
200623
445670
665868
1676142
1738655
466108
2812007
84565
82978
2893178
2810357
82980
2172100
82984
2898582
223385
42686
306266
336377
58337
1903434
347014
82976
702
2592573
1485663
690591
862793
1177217
2592572
409304
400524
1048757
57962
1177214
401618
1008944
1081630
442155
158483
544
413496
3021684
2678248
547
64559
203804
1699619
84575
84576
84583
84581
84582
84577
84578
84579
84580
568987
568988
126158
126159
79229
126160
126161
98782
98784
1199245
134287
128926
98783
134288
134289
134286
79228
269661
655682
146510
269662
507525
655686
655687
146511
146508
146512
146513
146509
507526
269664
269663
293650
207487
207492
207495
207502
207507
207508
207509
207510
138081
235396
235397
207490
207512
235400
235398
207496
207500
138076
138078
235399
207511
631368
1617396
1873454
1302410
1410382
1906657
1906661
1449912
1906659
862775
2137422
1906660
472825
1414835
2608261
1682492
1661254
2974993
1408812
1236885
1236871
1236897
1236888
1236880
1236884
1236879
442967
1236876
1236872
1236891
1236874
1236899
1236894
1236887
1236895
1236877
1236900
1236882
1236875
1236883
1236878
1236893
1236898
1236881
1236890
1236896
1236901
1236873
1236892
1236886
337337
239504
337335
337336
239503
337334
1236889
337338
337254
126162
299867
299869
299868
801
1985423
2943317
561
1649295
2976153
2899543
2815296
570
160674
579
1330547
83654
1330545
451512
2055876
447792
1330546
2994443
2055880
1504576
590
2726810
620
1335483
1649298
3016631
2303321
2918836
2943312
158851
158876
32199
3026546
551
1780190
2662752
2100764
53335
1297562
1356488
82986
51228
2997349
635
1822002
568
82982
637
1354333
158848
581
29487
583
586
626
2811373
2853326
71655
204037
1082702
2884243
122277
160433
1903479
336803
1927833
1745211
2716544
41201
929812
1964366
34037
1565532
613
629
1549619
265980
470491
2817383
198346
221279
1400859
1400827
1885586
2126330
2738851
204619
1905838
1885582
2841677
2738850
1076625
374666
2738885
655184
2841676
2914800
412033
100668
3023554
745410
54758
332518
332652
1654711
398772
455252
337328
126824
1524249
349742
314672
1529590
2326
682669
33061
333304
363574
235205
363573
363572
235206
113267
644213
407881
2360
33063
72600
72601
2361
410330
33062
72603
72604
500167
72602
596091
393764
1541743
1913444
2732587
2686004
33064
2362
363576
72605
869717
272160
235589
235590
94783
2200908
2200906
472961
472959
472958
205975
205976
2200907
205978
205977
94784
54398
54396
205973
94785
205974
235591
299585
54400
100325
100326
504115
2729362
2729361
504116
54399
54397
682670
94781
33065
45388
45460
2363
2364
125581
433998
434080
434079
434078
94782
147390
2365
1918949
44081
642797
50034
2429
664673
50035
1918948
2340
471522
469797
469795
2339
33066
72606
72599
211075
500166
641564
500168
211076
211077
100327
492233
1608298
1154686
1934947
261963
254245
2778334
1755683
776
59195
461
445
465
2565576
200670
1808977
415610
2713642
429
73778
413
2204160
1295378
1410680
1760987
1221209
39773
416
1649469
1565313
160800
392710
54115
2045060
1918951
2822410
762296
2202177
244364
1486720
317574
469
186829
222991
2707015
2824158
1930856
1604696
1742986
475
1268272
208967
497
1266053
568387
2893022
1434005
243627
64001
381430
1274363
1861863
413435
2689590
2689591
1538468
469322
3023563
3023557
2717331
59753
3020832
3020833
2025617
863253
75683
2301194
1921933
305899
1036132
2066475
1855402
158481
2172823
1395977
64322
42054
204286
2745
376488
576341
504090
1775121
574347
2984170
1897649
332339
404432
1495768
235572
114185
33073
2510333
418700
2562805
3018276
515417
1537406
2066071
599651
1433994
1264044
1649464
2866025
48075
28253
64968
1775292
459520
75687
267849
450803
196079
965
759360
188907
2036025
1437109
196078
1123222
187492
2893036
2590445
1861843
141450
1920241
1502941
1445504
230494
231683
2694839
1649491
2768738
202771
1505768
1335631
1193503
743714
2894762
713
416916
292486
697331
476528
109471
2860205
2070443
658623
2070447
1648514
1649317
155493
2094023
724
214906
53416
75984
2899790
1648517
1857532
908284
271159
1249016
745
146805
1960084
1649494
2820724
217201
1755672
1855419
1520333
256730
2873964
2978116
3023559
2047735
2742
1857014
661182
2901416
69961
157913
352
2901261
2758906
2901189
212741
1649479
286
2901164
1654787
1827307
2320199
1969571
2793832
180541
28905
2056696
2820788
482136
2056689
1869285
1234547
262
2670346
34067
1522420
28884
40222
1237
364031
2039723
933
2781121
2781120
2212731
2212691
44937
1021
1120144
1034939
1034938
1034937
1031282
1034941
1004497
998014
45247
212118
90372
884668
40751
1653871
1030
330062
1930932
511678
80853
1076727
94139
2708111
1649267
188143
246861
2042066
657
333369
51366
2014233
2886886
662
2707020
2233801
265718
1648505
323413
231454
70411
155196
679158
242605
1218803
1544982
1649642
2950430
999506
75309
886360
1453544
490567
1931224
2315876
1859493
505691
83614
68
2709666
2905128
83618
1344362
292713
40323
141948
1649512
338
2370
70774
203470
2815315
146784
263370
1652133
958
213485
2862745
1553903
1769746
2698753
2838409
2024975
1885577
495819
2045304
377315
1431823
2789201
1742709
469811
1290369
1851152
810
2822114
2562328
1293614
1348235
263177
340070
2692182
483422
749220
282132
112987
83551
1177738
292833
206680
1891669
1803801
34093
71666
2939379
256846
2840663
172900
1313210
363278
380240
360731
380738
2982586
236756
2897349
1472699
2913022
666508
2803301
2690159
2690160
2483368
2807511
1771356
1914234
2774146
113
2731450
1382832
2787008
2051044
2807415
600332
1511635
127
1763521
466152
2680020
2029859
2862451
2795781
2795782
1400386
2691417
2795783
2795979
2795784
2807414
2795605
265487
2714594
1441942
2813766
2795775
2005380
2795426
123
265488
2814446
1579506
2795779
1579505
2795973
1676125
1755820
2714737
2795776
2795778
2714592
1936111
1649453
2795777
1779141
118
1649480
2795774
1649490
656899
2795780
2795865
2953811
2839095
511745
2840659
78553
2055839
2892920
1849551
2028344
1148783
2986286
1961799
2576890
2100741
178440
2706524
2840660
2480624
1491194
468938
442430
2918463
455433
388745
2175957
134550
1921511
295577
1649503
2841810
2792469
417293
1541670
568068
239934
361050
1775685
1032526
1383070
177411
574899
518753
2886881
518754
2717700
48463
518755
1348508
2911469
2735
1921784
2750657
2907187
29521
34096
2768808
3024226
32205
171
338321
138
44757
64895
2845254
2951106
2951108
2951107
2951109
1937016
1920504
399320
2024958
2815782
2870453
2834378
1911565
2035349
1616789
1911556
146
2840653
2792240
2840650
2840651
2840652
568400
2967962
157
2881000
49894
290731
1427172
81466
81411
435139
508459
47054
1434006
428711
1508421
1931105
638847
1931212
2840654
2753
81461
336260
2752474
53634
1042325
658428
1609233
121038
643949
2983181
2983184
2983186
2983190
2789775
1648491
467975
2820403
2448024
682522
41949
2983163
2754714
2900668
2900670
2900669
2900671
2900665
2900667
2900675
2900666
2997385
2997386
1380
2941496
2995121
2767353
2995122
133925
2847312
2847314
2082587
2847307
2847313
102106
2840518
2840517
2840519
33870
1472762
1979843
1427376
1473205
2840516
447020
2941497
2005386
553372
2815775
84162
79603
84111
2840520
2137577
580024
2126006
644652
3025073
651554
1981050
1926677
2126002
84108
2981344
76833
1654
1653174
2593683
28263
2767318
2767322
2767323
2912996
2767327
1522056
2603326
2692113
2050
2888879
2653802
2740557
2739835
2529408
2815785
1069494
184869
2692118
1931219
196614
121421
65500
1649455
1849
1935172
240233
419014
1678
1159909
2023242
2701
1730861
196082
1302778
196081
1265508
1389453
2039639
622681
1920515
414715
414878
435913
741759
1716
37914
2053
2767345
264147
59613
1847725
697025
1763
670516
2126281
1073531
1866885
2767320
2799491
1817
65508
2979332
1827
613121
2927779
85043
286801
2060
65502
1854
2994363
1920251
38501
2027529
1860
2997370
2183612
88138
58113
651553
2838311
1840198
1840204
283810
1434010
1217101
281472
1783488
908626
33981
49184
1156392
317661
1949068
84756
2813793
947525
120376
690565
56054
154116
1696
1784953
1649497
458839
1707
162491
665568
1926259
1217414
1655190
577469
43668
36739
472568
1161125
2040262
1535207
908251
1158982
63958
57495
1096776
2750262
745364
2868274
1434038
908935
2884223
1184606
2953742
2953741
1862
2885697
211469
984996
985001
214013
1433988
267408
872112
556178
53357
53457
136099
331525
402170
568214
1191515
82345
344063
1849973
2805645
367298
2706529
53355
68903
99479
2756312
43673
2045408
57499
110934
46352
33877
1795636
1132766
1029631
2033596
1705353
2164137
1648503
1331730
1573
1759331
1259734
1648520
397276
69578
205841
2034
1632778
1433997
96492
447237
1484107
501022
1649454
1195526
256818
881616
1649457
1434009
1905746
427753
580374
390250
2740558
110932
55968
1960139
529881
500019
507002
500014
529883
1857011
1434018
2831684
1230698
33882
337004
518733
76634
1434022
196084
1957020
2729624
190323
1434032
2680004
255204
2680005
1949192
33886
193383
1434039
235888
472058
120212
2906433
355929
291967
1663
1160973
169133
1164863
2109356
2676121
1774136
1742989
1930924
57493
1975682
1269
1868332
57494
1742992
1742990
1742993
1742991
2078575
1645
32207
596707
2778528
1418588
225447
2828764
370735
754249
2888818
1465824
125287
265976
2731402
157920
254250
1914244
253183
43676
2828734
228972
289244
186188
13242
2828348
626119
60919
2038
390988
1865
1849525
1400054
2710870
195964
53365
1121253
33874
56433
35753
1121254
1398561
349312
203522
349314
2005371
1873
2920401
907364
1434030
53370
689760
673534
338583
439698
1538466
1198243
168694
265431
42232
65504
1434021
2793122
53460
117156
182639
2040
1434003
53387
86795
116071
1546255
1839
2044
348581
236052
3024237
1784839
718013
1912215
396388
2801844
1278221
369926
1912216
2676837
2896773
448176
33983
1649467
29404
1294511
2042653
2896778
2840515
1743
1085622
53456
203133
1911549
72763
2919589
65496
1891915
39845
402649
695999
1769723
40566
674734
1137960
2893576
1813
130795
2662170
334857
1425377
2893577
1884922
2029
43356
1434013
165301
1434016
142577
62076
1847
2884102
1851
1835
2071
104593
2040254
596495
2923368
2016
1734465
37924
1649509
583360
2078948
2083192
35750
2864378
2995702
1914443
2699295
2063
2995703
2926447
329648
2995704
2995705
228398
2995706
1883
65518
2933679
2995707
2805681
1833962
1631197
405552
1874625
647960
2173855
1400055
2013
1434041
1434047
2913367
104204
83677
90974
404932
2806742
161356
28443
2005
1995
83681
29298
1998
58120
1367968
1792303
321315
2871671
2000
1424614
147067
1649505
359169
1647181
667113
58108
1988
58122
2019
2071601
2767073
28048
1747770
1755825
908623
596499
2917698
2989701
1154586
2600304
42255
2843200
2976759
191494
2758920
1759365
361607
2983387
207599
192992
2900673
2900674
2900664
2900663
2819028
1042315
2494209
1077265
1005038
2829305
3016047
2829299
2829308
2829313
2829301
2829310
2829302
2829312
2829304
2829300
2829309
2829297
2829314
2829307
2829306
2829311
2829303
3016049
2599621
2829298
2829316
2829315
2986053
2986054
2720779
2563094
2507545
1906162
1906156
213484
1827277
54298
2886049
2884073
2884072
2594592
2950183
2857076
2714957
33071
1188227
2588928
110103
1175
1650335
882045
165798
77021
748770
159191
244599
752201
198592
1186
2662189
2993685
1844958
2993686
262903
1123
1982356
1914256
212347
1368312
1049006
1612341
2184065
92939
1225994
1219104
1550243
1190
162985
29417
996924
2666027
221283
2697453
1337899
1454208
221285
2507944
2035978
2840440
1163
2840441
1049007
2548460
2067418
1548290
56106
2840442
2499880
1340414
1886696
1620790
1117097
2716371
3014214
2022127
2572876
287846
2673093
1177
2782571
1886700
2801899
2816323
98443
264688
2758031
732147
2849807
1536694
1441869
1316747
1906669
188910
2182780
1759375
373984
383614
1332063
1955494
1932705
268177
1203
259009
988814
221292
2886051
988945
221282
1920145
221284
221286
119530
2662037
482629
2035353
262901
172309
111782
1121
1453359
263510
28070
65097
76023
2546365
582491
2546364
2847113
1196657
268175
70190
329162
2884961
2654740
431394
669357
102231
693222
2654741
2283142
665904
2816233
2040613
2798042
262068
688241
1850990
2871676
1385878
1278161
102234
1982970
1521557
1125
442397
2886083
629758
2886347
1975582
2886344
1844514
669368
2886345
2886346
2989702
2886342
63132
2786938
1481159
2786936
2786937
2886055
2886343
2530217
2586030
1233426
1048851
43988
1185872
1970620
241421
881023
164815
241429
2584823
2815312
35823
2862346
400657
1499108
1501433
2584824
44471
2969680
1492710
132607
54304
2049361
268156
881012
2219504
105591
1125736
1205
54312
1246629
2942761
483695
28073
1155738
1458928
1158
1198
1183
2880644
1574283
2023233
1702237
2302373
2931971
1608830
2023214
1609595
1867035
2507573
1844267
693993
2992130
2769866
2768926
1332112
2596745
2066937
2934962
2934963
2831759
2831762
2831764
688242
54302
102115
1616833
2863280
2684427
945730
945733
52605
44474
487775
2886915
1902823
2510792
1759386
52607
1385886
890417
2109499
1620700
2981374
241432
2041162
2315782
2661529
1825822
1874526
2664261
2661530
47251
2651725
1868136
2496843
2804851
2056239
1501143
2047984
1620699
1005722
1671851
471271
980548
2992131
2496845
1706226
2886090
1844270
2908844
2917830
2931969
2303518
2303513
2108438
2303524
2303522
1240886
2303508
2784135
2976557
2303528
2303519
2055830
2056240
1169405
170610
2509810
1120752
2586277
1222
2218238
358711
132605
1983104
1152
1916908
945765
240294
146785
123235
1154
155977
2900549
217161
1523889
470208
283821
283819
2784134
1119
1521555
53402
222575
1427526
1142
2918834
2892030
1214
167375
2881427
1218
1521558
442393
13034
262065
1129
2170427
2799720
2855430
1983114
2799718
454131
2799742
2799717
2219506
2799719
450526
2881385
758601
1298
2747271
186191
208447
270
206044
2935559
65551
1434036
332248
74586
1765682
29330
1502725
3025863
1129704
3025858
432330
1055323
2664901
2613330
331654
2893059
2005375
2675234
2893050
2893060
1400133
1433300
2823237
29331
258785
704093
150247
1647190
485576
1930791
1386
2683678
379065
1276290
373053
2792299
2837509
227864
1769738
2675230
2039709
1433999
2837502
1881091
2837485
1270155
1817571
1329200
160794
2837501
129337
2837503
74385
392825
2893056
2893055
45667
306539
2837504
2804231
175304
2813788
2834353
2670333
400634
2920444
2837505
1370
1923871
1775697
2675231
2675233
1006481
1150774
472977
2675232
2837506
1924101
182709
484508
2944627
1906945
200903
2038691
351094
1738642
2675229
420644
1890224
289201
2651279
2800373
2893058
108525
1494958
2946549
1221880
2282756
2047815
2785518
2837507
2837508
1935206
29395
1884429
2685905
351195
320933
1884449
394505
1434042
1434043
427077
482460
2893057
2837510
1649496
1400134
2837511
2033476
286800
1494427
459532
1795633
1649504
331971
2282693
1500514
84406
551771
2817139
33939
1414643
486506
1648500
2954883
1609627
94008
1378
33986
2840552
2170555
2840553
2840554
2840555
767528
386607
2755
1637
1615910
66862
55079
44262
55080
2994560
2767206
2026172
329857
995014
1689250
2661811
1943561
44249
2291840
456492
76632
1975703
86004
941338
33976
889388
397279
34100
2681298
157226
1649
2703676
2703678
2703677
651660
1372
162291
648802
1655429
648800
1569
2079189
160795
496496
1940395
2174445
475230
442527
342943
2077
340096
1955413
1647178
1914457
227979
69965
2803850
489909
45669
1279
1763552
1930795
500614
1343556
1274351
292635
1522429
1155934
1659417
482144
1236218
1677050
2756134
1905726
332100
1348505
1763555
1649492
292637
471798
2689589
2023
292636
1649452
263643
2840544
2840545
2840546
2840547
2840548
2721098
2840549
2840550
2840551
46123
1375
171413
171412
66831
2862142
2761542
13075
2862143
89092
2862144
2689587
2683203
99906
192987
1651
136491
269773
292480
2747
82800
29393
117563
142587
1470540
633405
191769
1384499
82802
697279
300418
1350
33969
337670
51668
2737
2767874
2767875
2767876
2767877
2767878
2767879
1697027
2767880
2767881
559173
2767882
2767883
2759736
2767842
2840556
1578
2767884
2767885
2767893
1243
2767886
2767887
2742598
2767888
2767889
2978367
46254
2767890
1253
2930384
2767891
2767892
46255
137460
29402
1246645
1930830
1357
303226
948104
1301
2840539
2840540
2840541
2840542
2840543
2820263
1501224
1930845
1980693
2508948
2720809
2840559
2720794
2720795
2720796
2720797
2720798
2720799
2840560
2720800
2720801
2720802
2840561
2840562
2720803
2840563
2840557
2720804
2840564
2720805
2720806
2720807
2720808
2721100
2721103
2721104
2721105
2721106
2840565
2721107
2721108
2721109
2721110
2721111
2721112
2840558
2840566
2721113
2721114
2721115
2745592
2721116
2721117
2721118
2721119
2721120
2840567
2721121
2840568
2721122
2721123
2721124
2840569
2721125
2944146
715222
698776
1987009
2840602
2840603
2840604
2840605
990721
2944147
2944148
2944144
2683336
114627
1929105
2946544
2810010
1780299
210622
1922299
580596
265002
44258
166484
49082
2840476
2840607
2840962
2840608
2840609
2840606
1485
1848399
1924062
1890291
1403538
1434004
390805
1755832
1769729
1649459
2815784
2004411
2565776
420345
188918
667112
1884930
2018663
1935927
1981033
89958
1434026
44261
1849822
1884934
1155385
1434040
1266
1924097
1890059
150333
648799
69894
1884926
1408818
1185408
2282740
2867376
2867377
68034
56112
36853
79206
51196
2026179
290184
1562
510701
191373
33951
274470
696745
1637744
264995
2840610
1730
2884456
218204
1928820
1918521
113286
2040476
384638
2834241
561442
2981641
2981642
2904139
2840575
2840576
2840577
2840578
2840579
2840580
2840570
2840581
2527773
2840582
2840583
2840584
2840571
2840585
2840586
2840587
2840588
2840589
2840590
2840591
2840592
2840572
2840574
2840593
2840594
2840595
2840596
2840597
2840598
2840599
1470353
2840600
2840601
2840573
178898
28033
73918
1980681
65402
76008
228923
35517
56774
76124
35518
51123
143393
1980680
2060094
109326
2005387
2815773
1715793
1935196
1926556
3016626
2815774
1926667
2944200
1935192
86331
2941520
2886866
2944199
2211178
1686313
1918454
204475
404402
1392389
1715798
2717089
38777
1434023
1933048
415014
2944145
342658
398718
1709445
28063
2697
2831443
150818
79598
1792300
1427378
31980
2982749
1766253
2981629
1855714
2569097
1843210
3024823
2997360
2678884
653683
207244
1843206
2039240
2981630
1924081
2815776
572511
2981631
2981632
2822463
830
2041032
2383
2307008
2675215
2316203
43996
33042
1918450
2918511
189330
1432051
2719313
1918452
2005359
2005355
1918511
1407607
2510105
2981633
2135416
1663717
241189
2941498
2981635
2944197
43994
2944194
2163168
2912950
1164882
140625
1506553
28050
39491
2840621
2840613
2840611
2840614
2840623
2840620
2840661
2840662
2840615
2840622
2840616
2840612
2840617
2840618
2840619
1763508
2719231
2981637
2813348
248744
2316020
2023266
1780122
1649471
437755
1918542
2981638
1774128
1973274
2888809
2982750
2815777
265975
2941495
115543
2815778
46205
2944195
588605
841
2676048
1769710
177971
2944193
100132
2811390
1213720
2981640
2815779
2981617
84036
1506577
2893029
2815780
2815781
2944198
2944152
2944196
2912262
258514
35829
1918385
2048137
1486725
52784
1924093
244127
1935176
1929297
2576755
2834348
1738645
1246649
2944150
1903506
2591381
1649284
253238
216851
236752
946234
1940255
2944151
1935461
1892380
1890281
2981634
2981636
2764317
596767
2983509
2172004
2944149
1637257
1987749
1930587
2895461
2039302
2981639
1924105
2126544
459786
119852
29343
1535
84026
1549
47246
39492
2840624
2840638
2840629
2840640
2840630
2840631
2840632
2840625
2840639
2840633
2840626
2840634
2840627
2840635
2840636
2840637
2038676
100175
2304687
1926663
2981643
1987016
1486726
2304693
1017280
2696673
2892397
1929305
2983459
2884634
1508657
2893095
1263
1905344
1200657
2912543
2983248
2842531
44748
292632
2738922
2304691
2941499
2892396
2983247
2983250
2983249
2924872
1919276
471826
1930291
2840454
2807339
51514
293136
1006482
2916690
2282742
2282741
2282743
2916691
83660
2916692
2916693
2916959
2881027
2840628
2740
2903061
2651578
186831
1505660
1870884
1937664
44259
1505657
2967351
1849828
2743582
1913599
1481960
1257
181069
1501226
360541
214904
1505652
2838170
42447
1491776
1006480
2733
338648
2293312
2293313
2293311
1795789
427925
109324
862
937253
54293
129001
278993
2603323
1348611
2712271
2944143
2330
630723
46466
3019938
2899804
32636
1769008
28186
2017975
1242734
42418
644353
1156387
42417
150059
52003
46468
142841
973
2786989
1649472
375928
114261
759413
2807497
249529
862261
1263959
2707768
418453
189326
42837
1326739
44260
140458
202949
1754
1914252
129957
2079011
44000
862071
28895
252965
227388
2748674
2770094
499228
591374
555078
291988
159730
662087
2787156
1543703
135858
100883
1279384
1279388
519427
3025755
2718525
2057233
174708
2749846
2749267
2563783
118966
1854458
118747
1470349
1774107
2946534
1472649
1937008
1647
2840641
2678885
1729679
1573536
1573534
2815783
2060871
1573535
61170
1937007
2679910
2563777
1918538
1918536
2683202
1924110
1935200
123375
2815787
2943184
1929045
191303
1676651
2840642
904
33024
40840
78119
1567
82373
82202
158846
52225
864
84034
55506
970
2373
151038
81463
151037
244825
1794910
146813
292492
2093783
2847256
365348
112902
552808
909931
2375
261684
209879
156454
1980685
1980675
39948
2498454
1973275
906
909928
29465
335382
2992720
2042899
1505664
2981628
165779
1273095
2870444
150022
162290
31983
2010182
1945592
2126548
1161127
543311
162289
2024199
1347386
165812
1354809
2794837
285105
1433991
1640153
171003
516086
1400135
99593
2692382
2983477
253255
41273
1965226
448125
1582879
1472763
190972
2806306
233189
475960
2019482
2819029
1769713
475966
475965
475961
1434028
1649478
1077886
1649507
2841681
1382931
1988031
233191
1215913
2303491
2802942
1979385
2364212
2922426
257502
2793059
2793060
262406
1979383
1107
1579476
2491136
166588
104175
1109
186475
120961
64
1508537
61434
670486
2024965
2571199
363276
2866729
2692417
2866728
768650
768669
2682228
1495649
1206748
2056
1649508
499
2109263
2799556
2975549
2975521
3018265
2147
2903105
2903106
2903100
2903107
33926
2086
2152
46238
46239
2132
2919614
471824
1274318
467747
2840658
295595
1671257
1822366
2923352
2093
2767358
2129
2895509
2995234
2791001
2840655
2840656
2840657
444090
241192
1740
1522431
2033601
169299
651456
1184396
1769718
1495038
1511648
28233
160798
1255275
28236
2778400
2422
2420
42734
2335
1643951
68335
